--> [1 -1;0 2]*[2 1; -1 1]
 ans  =

   3.   0.
  -2.   2.

--> (3*[42 4 8; 5 2.5 -3])-(%pi*[0 16 4; 1 30.5 -9])
 ans  =

   126.       -38.265482   11.433629
   11.858407  -88.318576   19.274334

--> [-3 5.6; 2 8]^5
 ans  =

   3278.28   25222.624
   9008.08   52822.72 

--> A = [1 1 2 3; 2 1 0 1; 4 1 2 0; 2 1 0 2]
 A  = 

   1.   1.   2.   3.
   2.   1.   0.   1.
   4.   1.   2.   0.
   2.   1.   0.   2.

--> det(A)
 ans  =

  -6.

--> v = [4 7 9 10 3 2]
 v  = 

   4.   7.   9.   10.   3.   2.

--> 2*v
 ans  =

   8.   14.   18.   20.   6.   4.

--> y=[1 3 5 7]
 y  = 

   1.   3.   5.   7.

--> x=[%pi (2*%pi) ((2/3)*%pi) 0]
 x  = 

   3.1415927   6.2831853   2.0943951   0.

--> x.*y
 ans  =

   3.1415927   18.849556   10.471976   0.
   
--> eye(5,5)*(-2)+5*(ones(5,5))
 ans  =

   3.   5.   5.   5.   5.
   5.   3.   5.   5.   5.
   5.   5.   3.   5.   5.
   5.   5.   5.   3.   5.
   5.   5.   5.   5.   3.
   
--> M2 = round(rand(5,4)*10)
 M2  = 

   1.   6.   5.   3.
   9.   7.   4.   4.
   7.   7.   9.   5.
   9.   4.   3.   3.
   4.   1.   3.   5.

--> inv(M1)
 ans  =

  -0.3913043   0.1086957   0.1086957   0.1086957   0.1086957
   0.1086957  -0.3913043   0.1086957   0.1086957   0.1086957
   0.1086957   0.1086957  -0.3913043   0.1086957   0.1086957
   0.1086957   0.1086957   0.1086957  -0.3913043   0.1086957
   0.1086957   0.1086957   0.1086957   0.1086957  -0.3913043   
   
--> (M2)'
 ans  =

   1.   9.   7.   9.   4.
   6.   7.   7.   4.   1.
   5.   4.   9.   3.   3.
   3.   4.   5.   3.   5.
   
--> M1*M2
 ans  =

   148.   113.   110.   94.
   132.   111.   112.   92.
   136.   111.   102.   90.
   132.   117.   114.   94.
   142.   123.   114.   90.

--> M1*M2
 ans  =

   148.   113.   110.   94.
   132.   111.   112.   92.
   136.   111.   102.   90.
   132.   117.   114.   94.
   142.   123.   114.   90.

--> M2(:,5)=ones(1,5)
 M2  = 

   1.   6.   5.   3.   1.
   9.   7.   4.   4.   1.
   7.   7.   9.   5.   1.
   9.   4.   3.   3.   1.
   4.   1.   3.   5.   1.

--> M1+M2
 ans  =

   4.    11.   10.   8.    6.
   14.   10.   9.    9.    6.
   12.   12.   12.   10.   6.
   14.   9.    8.    6.    6.
   9.    6.    8.    10.   4.